# X Potenciál
0 -0.0448347
1 -0.0963361
2 -0.151838
3 -0.211339
4 -0.27084
5 -0.331675
6 -0.39251
7 -0.457345
8 -0.527513
9 -0.603014
10 -0.678516
11 -0.756684
12 -0.842852
13 -0.927687
14 -1.01385
15 -1.10536
16 -1.20486
17 -1.30036
18 -1.40119
19 -1.51136
20 -1.62153
21 -1.74103
22 -1.8672
23 -1.9867
24 -2.11287
25 -2.24037
26 -2.37721
27 -2.52071
28 -2.67488
29 -2.83971
30 -3.00455
31 -3.17738
32 -3.34355
33 -3.51239
34 -3.68789
35 -3.86606
36 -4.05489
37 -4.25306
38 -4.4579
39 -4.6614
40 -4.87023
41 -5.08574
42 -5.31324
43 -5.54741
44 -5.79625
45 -6.05708
46 -6.31792
47 -6.58276
48 -6.85426
49 -7.1351
50 -7.42127
51 -7.70477
52 -7.98694
53 -8.27711
54 -8.57261
55 -8.87345
56 -9.17962
57 -9.48712
58 -9.79996
59 -10.1195
60 -10.447
61 -10.7905
62 -11.1433
63 -11.5028
64 -11.8516
65 -12.2098
66 -12.5586
67 -12.9155
68 -13.2776
69 -13.6385
70 -13.998
71 -14.3601
72 -14.7276
73 -15.1045
74 -15.484
75 -15.8581
76 -16.239
77 -16.6211
78 -17.018
79 -17.4161
80 -17.817
81 -18.2205
82 -18.6333
83 -19.0435
84 -19.459
85 -19.8772
86 -20.3007
87 -20.7322
88 -21.1623
89 -21.6032
90 -22.0493
91 -22.4969
92 -22.9404
93 -23.3865
94 -23.8434
95 -24.3069
96 -24.7757
97 -25.2472
98 -25.7294
99 -26.2155
100 -26.703
101 -27.1985
102 -27.6994
103 -28.2015
104 -28.717
105 -29.2312
106 -29.7467
107 -30.2689
108 -30.795
109 -31.3239
110 -31.8541
111 -32.3762
112 -32.9051
113 -33.4392
114 -33.9761
115 -34.5223
116 -35.0658
117 -35.6146
118 -36.1688
119 -36.7176
120 -37.2784
121 -37.8366
122 -38.4001
123 -38.9636
124 -39.5324
125 -40.1026
126 -40.6794
127 -41.2616
128 -41.8518
129 -42.4473
130 -43.0468
131 -43.6516
132 -44.2525
133 -44.856
134 -45.4622
135 -46.0657
136 -46.6745
137 -47.2953
138 -47.9215
139 -48.549
140 -49.1752
141 -49.8014
142 -50.4209
143 -51.0351
144 -51.6492
145 -52.2594
146 -52.8749
147 -53.4944
148 -54.1206
149 -54.7548
150 -55.3836
151 -56.0178
152 -56.6426
153 -57.2702
154 -57.9004
155 -58.5319
156 -59.1687
157 -59.8109
158 -60.4504
159 -61.0926
160 -61.7388
161 -62.3837
162 -63.0339
163 -63.6814
164 -64.3249
165 -64.9591
166 -65.5826
167 -66.2061
168 -66.8269
169 -67.4478
170 -68.0646
171 -68.6775
172 -69.293
173 -69.9125
174 -70.5227
175 -71.1235
176 -71.723
177 -72.3199
178 -72.914
179 -73.5135
180 -74.1197
181 -74.7259
182 -75.3347
183 -75.9423
184 -76.5604
185 -77.156
186 -77.7528
187 -78.3484
188 -78.9292
189 -79.5074
190 -80.0963
191 -80.6785
192 -81.266
193 -81.8562
194 -82.4464
195 -83.0339
196 -83.6161
197 -84.1863
198 -84.7619
199 -85.3401
200 -85.917
201 -86.4992
202 -87.0881
203 -87.665
204 -88.2325
205 -88.7988
206 -89.3663
207 -89.9205
208 -90.4641
209 -91.0063
210 -91.5472
211 -92.0761
212 -92.6104
213 -93.1406
214 -93.6842
215 -94.2145
216 -94.7514
217 -95.295
218 -95.8346
219 -96.3768
220 -96.9164
221 -97.456
222 -97.9929
223 -98.5285
224 -99.0668
225 -99.5984
226 -100.122
227 -100.643
228 -101.15
229 -101.657
230 -102.168
231 -102.684
232 -103.198
233 -103.714
234 -104.225
235 -104.728
236 -105.222
237 -105.712
238 -106.205
239 -106.683
240 -107.167
241 -107.645
242 -108.118
243 -108.585
244 -109.044
245 -109.497
246 -109.953
247 -110.41
248 -110.867
249 -111.318
250 -111.778
251 -112.244
252 -112.708
253 -113.17
254 -113.625
255 -114.086
256 -114.557
257 -115.032
258 -115.516
259 -116.001
260 -116.49
261 -116.975
262 -117.462
263 -117.955
264 -118.447
265 -118.936
266 -119.417
267 -119.888
268 -120.352
269 -120.818
270 -121.275
271 -121.733
272 -122.2
273 -122.657
274 -123.106
275 -123.549
276 -123.999
277 -124.46
278 -124.92
279 -125.374
280 -125.816
281 -126.245
282 -126.668
283 -127.093
284 -127.5
285 -127.905
286 -128.311
287 -128.722
288 -129.131
289 -129.541
290 -129.951
291 -130.364
292 -130.77
293 -131.178
294 -131.585
295 -131.994
296 -132.401
297 -132.814
298 -133.225
299 -133.633
300 -134.038
301 -134.447
302 -134.86
303 -135.267
304 -135.673
305 -136.077
306 -136.489
307 -136.9
308 -137.304
309 -137.713
310 -138.11
311 -138.513
312 -138.909
313 -139.31
314 -139.717
315 -140.118
316 -140.533
317 -140.948
318 -141.36
319 -141.769
320 -142.18
321 -142.591
322 -143
323 -143.41
324 -143.819
325 -144.224
326 -144.63
327 -145.043
328 -145.456
329 -145.862
330 -146.276
331 -146.692
332 -147.093
333 -147.487
334 -147.879
335 -148.269
336 -148.656
337 -149.038
338 -149.427
339 -149.817
340 -150.213
341 -150.615
342 -151.023
343 -151.425
344 -151.827
345 -152.229
346 -152.634
347 -153.035
348 -153.436
349 -153.839
350 -154.242
351 -154.639
352 -155.043
353 -155.446
354 -155.855
355 -156.258
356 -156.661
357 -157.07
358 -157.486
359 -157.91
360 -158.34
361 -158.762
362 -159.173
363 -159.576
364 -159.982
365 -160.389
366 -160.795
367 -161.196
368 -161.589
369 -161.99
370 -162.382
371 -162.78
372 -163.173
373 -163.555
374 -163.932
375 -164.301
376 -164.665
377 -165.019
378 -165.373
379 -165.725
380 -166.083
381 -166.44
382 -166.802
383 -167.15
384 -167.501
385 -167.849
386 -168.199
387 -168.553
388 -168.914
389 -169.272
390 -169.63
391 -169.986
392 -170.331
393 -170.676
394 -171.018
395 -171.359
396 -171.693
397 -172.023
398 -172.35
399 -172.678
400 -173.003
401 -173.332
402 -173.66
403 -173.994
404 -174.324
405 -174.657
406 -174.985
407 -175.315
408 -175.648
409 -175.975
410 -176.295
411 -176.609
412 -176.918
413 -177.222
414 -177.52
415 -177.801
416 -178.074
417 -178.339
418 -178.616
419 -178.875
420 -179.132
421 -179.382
422 -179.639
423 -179.899
424 -180.155
425 -180.408
426 -180.656
427 -180.905
428 -181.153
429 -181.394
430 -181.626
431 -181.845
432 -182.058
433 -182.276
434 -182.489
435 -182.705
436 -182.923
437 -183.141
438 -183.355
439 -183.569
440 -183.773
441 -183.982
442 -184.184
443 -184.367
444 -184.546
445 -184.713
446 -184.882
447 -185.051
448 -185.221
449 -185.391
450 -185.556
451 -185.721
452 -185.878
453 -186.036
454 -186.177
455 -186.316
456 -186.432
457 -186.555
458 -186.667
459 -186.778
460 -186.875
461 -186.962
462 -187.055
463 -187.147
464 -187.225
465 -187.306
466 -187.384
467 -187.459
468 -187.527
469 -187.594
470 -187.658
471 -187.727
472 -187.792
473 -187.856
474 -187.915
475 -187.967
476 -188.02
477 -188.079
478 -188.129
479 -188.179
480 -188.229
481 -188.286
482 -188.346
483 -188.393
484 -188.431
485 -188.471
486 -188.504
487 -188.535
488 -188.567
489 -188.6
490 -188.63
491 -188.645
492 -188.661
493 -188.672
494 -188.673
495 -188.663
496 -188.643
497 -188.616
498 -188.581
499 -188.549
500 -188.522
501 -188.482
502 -188.44
503 -188.395
504 -188.344
505 -188.293
506 -188.245
507 -188.195
508 -188.154
509 -188.115
510 -188.069
511 -188.021
512 -187.972
513 -187.923
514 -187.867
515 -187.81
516 -187.75
517 -187.689
518 -187.623
519 -187.556
520 -187.497
521 -187.441
522 -187.388
523 -187.333
524 -187.28
525 -187.217
526 -187.135
527 -187.052
528 -186.962
529 -186.875
530 -186.785
531 -186.683
532 -186.585
533 -186.483
534 -186.384
535 -186.273
536 -186.157
537 -186.027
538 -185.892
539 -185.763
540 -185.626
541 -185.494
542 -185.355
543 -185.225
544 -185.09
545 -184.953
546 -184.817
547 -184.68
548 -184.549
549 -184.419
550 -184.297
551 -184.169
552 -184.039
553 -183.912
554 -183.786
555 -183.656
556 -183.529
557 -183.399
558 -183.266
559 -183.126
560 -182.977
561 -182.819
562 -182.664
563 -182.513
564 -182.361
565 -182.207
566 -182.053
567 -181.907
568 -181.765
569 -181.625
570 -181.473
571 -181.319
572 -181.164
573 -180.996
574 -180.821
575 -180.64
576 -180.461
577 -180.282
578 -180.104
579 -179.921
580 -179.736
581 -179.543
582 -179.348
583 -179.154
584 -178.959
585 -178.761
586 -178.562
587 -178.358
588 -178.148
589 -177.925
590 -177.695
591 -177.464
592 -177.228
593 -176.984
594 -176.741
595 -176.496
596 -176.244
597 -176.002
598 -175.76
599 -175.521
600 -175.276
601 -175.033
602 -174.792
603 -174.552
604 -174.31
605 -174.069
606 -173.834
607 -173.603
608 -173.361
609 -173.126
610 -172.901
611 -172.669
612 -172.434
613 -172.19
614 -171.947
615 -171.7
616 -171.438
617 -171.178
618 -170.92
619 -170.67
620 -170.424
621 -170.182
622 -169.935
623 -169.692
624 -169.439
625 -169.187
626 -168.934
627 -168.688
628 -168.435
629 -168.167
630 -167.893
631 -167.614
632 -167.335
633 -167.046
634 -166.756
635 -166.457
636 -166.147
637 -165.833
638 -165.52
639 -165.21
640 -164.902
641 -164.601
642 -164.306
643 -164.009
644 -163.719
645 -163.425
646 -163.108
647 -162.798
648 -162.492
649 -162.191
650 -161.889
651 -161.59
652 -161.297
653 -161.003
654 -160.704
655 -160.405
656 -160.104
657 -159.798
658 -159.501
659 -159.202
660 -158.905
661 -158.603
662 -158.293
663 -157.975
664 -157.651
665 -157.339
666 -157.015
667 -156.69
668 -156.373
669 -156.059
670 -155.751
671 -155.427
672 -155.1
673 -154.773
674 -154.451
675 -154.131
676 -153.811
677 -153.489
678 -153.155
679 -152.806
680 -152.447
681 -152.074
682 -151.684
683 -151.285
684 -150.874
685 -150.458
686 -150.037
687 -149.616
688 -149.181
689 -148.74
690 -148.29
691 -147.84
692 -147.387
693 -146.928
694 -146.461
695 -145.969
696 -145.468
697 -144.97
698 -144.476
699 -143.957
700 -143.431
701 -142.901
702 -142.378
703 -141.854
704 -141.321
705 -140.774
706 -140.224
707 -139.669
708 -139.107
709 -138.539
710 -137.96
711 -137.372
712 -136.788
713 -136.199
714 -135.614
715 -135.03
716 -134.445
717 -133.847
718 -133.249
719 -132.639
720 -132.022
721 -131.393
722 -130.755
723 -130.108
724 -129.453
725 -128.793
726 -128.129
727 -127.458
728 -126.799
729 -126.13
730 -125.466
731 -124.81
732 -124.159
733 -123.51
734 -122.865
735 -122.233
736 -121.595
737 -120.941
738 -120.287
739 -119.631
740 -118.978
741 -118.322
742 -117.665
743 -117.003
744 -116.336
745 -115.663
746 -114.987
747 -114.321
748 -113.654
749 -112.993
750 -112.334
751 -111.664
752 -110.999
753 -110.336
754 -109.671
755 -109.015
756 -108.365
757 -107.711
758 -107.053
759 -106.399
760 -105.745
761 -105.094
762 -104.446
763 -103.803
764 -103.165
765 -102.534
766 -101.901
767 -101.275
768 -100.645
769 -100.012
770 -99.3714
771 -98.74
772 -98.1153
773 -97.4959
774 -96.8726
775 -96.2572
776 -95.6379
777 -95.0105
778 -94.3845
779 -93.7572
780 -93.1405
781 -92.5238
782 -91.9071
783 -91.2984
784 -90.6791
785 -90.0544
786 -89.4283
787 -88.7983
788 -88.1696
789 -87.5476
790 -86.9269
791 -86.3062
792 -85.6762
793 -85.0395
794 -84.4041
795 -83.7727
796 -83.136
797 -82.5006
798 -81.8692
799 -81.2392
800 -80.6078
801 -79.983
802 -79.3623
803 -78.7429
804 -78.1262
805 -77.5121
806 -76.8941
807 -76.272
808 -75.6513
809 -75.0266
810 -74.4085
811 -73.7984
812 -73.1844
813 -72.5743
814 -71.9682
815 -71.3662
816 -70.7601
817 -70.1541
818 -69.5493
819 -68.9446
820 -68.3478
821 -67.7578
822 -67.169
823 -66.5936
824 -66.0182
825 -65.4455
826 -64.8687
827 -64.288
828 -63.7073
829 -63.1079
830 -62.5071
831 -61.9024
832 -61.3056
833 -60.7103
834 -60.1175
835 -59.5248
836 -58.9334
837 -58.3447
838 -57.7573
839 -57.1752
840 -56.5919
841 -56.0098
842 -55.4277
843 -54.851
844 -54.281
845 -53.7096
846 -53.1475
847 -52.5788
848 -52.0141
849 -51.4467
850 -50.8739
851 -50.3012
852 -49.7325
853 -49.1664
854 -48.607
855 -48.0583
856 -47.5082
857 -46.9622
858 -46.4241
859 -45.8967
860 -45.3746
861 -44.8646
862 -44.3558
863 -43.8431
864 -43.3317
865 -42.819
866 -42.3116
867 -41.7922
868 -41.2862
869 -40.7828
870 -40.2887
871 -39.7987
872 -39.3046
873 -38.8065
874 -38.2992
875 -37.7931
876 -37.2871
877 -36.7823
878 -36.2723
879 -35.7676
880 -35.2629
881 -34.7501
882 -34.2454
883 -33.7434
884 -33.2413
885 -32.7446
886 -32.2466
887 -31.7512
888 -31.2598
889 -30.7738
890 -30.2771
891 -29.7777
892 -29.2837
893 -28.7936
894 -28.3076
895 -27.8282
896 -27.3462
897 -26.8628
898 -26.3848
899 -25.9121
900 -25.4434
901 -24.9773
902 -24.5153
903 -24.0639
904 -23.6125
905 -23.1652
906 -22.7218
907 -22.2771
908 -21.8337
909 -21.389
910 -20.947
911 -20.513
912 -20.0776
913 -19.6449
914 -19.2175
915 -18.7928
916 -18.3694
917 -17.9541
918 -17.5334
919 -17.1127
920 -16.696
921 -16.2913
922 -15.8852
923 -15.4885
924 -15.0985
925 -14.7178
926 -14.3384
927 -13.9684
928 -13.6023
929 -13.2336
930 -12.8596
931 -12.4882
932 -12.1275
933 -11.7641
934 -11.4048
935 -11.0601
936 -10.7127
937 -10.364
938 -10.0193
939 -9.67723
940 -9.33652
941 -9.00515
942 -8.68711
943 -8.37307
944 -8.06703
945 -7.75566
946 -7.45362
947 -7.16225
948 -6.87754
949 -6.59817
950 -6.3148
951 -6.02476
952 -5.74672
953 -5.47935
954 -5.21598
955 -4.95127
956 -4.6919
957 -4.44053
958 -4.19315
959 -3.94578
960 -3.70774
961 -3.47904
962 -3.26233
963 -3.05229
964 -2.85025
965 -2.65354
966 -2.4675
967 -2.28013
968 -2.09676
969 -1.92405
970 -1.75668
971 -1.59198
972 -1.44327
973 -1.30657
974 -1.18053
975 -1.06515
976 -0.960449
977 -0.863743
978 -0.771037
979 -0.678332
980 -0.581626
981 -0.494254
982 -0.420215
983 -0.35151
984 -0.297471
985 -0.238099
986 -0.177393
987 -0.110021
988 -0.0493153
989 0.00205687
990 0.0427624
991 0.0688012
992 0.0895067
993 0.107546
994 0.117584
995 0.124957
996 0.120329
997 0.106368
998 0.0884065
999 0
1000 -0.0448347
