0 0.91268
1 0.900967
2 0.877533
3 0.869043
4 0.867493
5 0.868882
6 0.873208
7 0.872466
8 0.862656
9 0.847776
10 0.834488
11 0.818791
12 0.812683
13 0.809494
14 0.805222
15 0.810532
16 0.817421
17 0.82722
18 0.84126
19 0.862206
20 0.872722
21 0.878139
22 0.873122
23 0.867001
24 0.854441
25 0.842107
26 0.827329
27 0.804772
28 0.794434
29 0.792313
30 0.787739
31 0.782045
32 0.76456
33 0.751284
34 0.73688
35 0.720013
36 0.699348
37 0.682882
38 0.662614
39 0.646541
40 0.633328
41 0.616306
42 0.588806
43 0.56816
44 0.545033
45 0.523421
46 0.500658
47 0.478073
48 0.454332
49 0.434766
50 0.411373
51 0.388151
52 0.361098
53 0.338212
54 0.308825
55 0.278268
56 0.253205
57 0.229635
58 0.202222
59 0.166965
60 0.129195
61 0.09291
62 0.0647751
63 0.035455
64 -0.0030521
65 -0.0454148
66 -0.0809682
67 -0.116381
68 -0.144988
69 -0.184124
70 -0.225792
71 -0.259326
72 -0.295394
73 -0.331333
74 -0.367143
75 -0.397493
76 -0.435719
77 -0.477821
78 -0.519801
79 -0.558995
80 -0.594071
81 -0.618364
82 -0.641209
83 -0.66794
84 -0.679894
85 -0.701071
86 -0.723473
87 -0.736435
88 -0.753292
89 -0.759379
90 -0.768031
91 -0.777916
92 -0.790369
93 -0.797392
94 -0.809652
95 -0.821819
96 -0.828559
97 -0.829875
98 -0.828436
99 -0.838908
100 -0.846627
101 -0.852927
102 -0.867145
103 -0.88128
104 -0.892667
105 -0.897309
106 -0.897874
107 -0.895695
108 -0.893441
109 -0.885781
110 -0.879381
111 -0.876911
112 -0.874372
113 -0.867765
114 -0.862424
115 -0.851684
116 -0.842214
117 -0.832682
118 -0.831088
119 -0.826767
120 -0.821054
121 -0.815284
122 -0.806791
123 -0.799576
124 -0.792308
125 -0.788987
126 -0.788281
127 -0.790193
128 -0.790722
129 -0.796537
130 -0.795639
131 -0.796029
132 -0.789708
133 -0.779345
134 -0.775606
135 -0.765161
136 -0.757342
137 -0.749486
138 -0.749592
139 -0.748329
140 -0.745697
141 -0.741698
142 -0.728334
143 -0.713604
144 -0.708176
145 -0.69872
146 -0.689234
147 -0.677054
148 -0.663515
149 -0.64595
150 -0.62836
151 -0.614747
152 -0.594444
153 -0.584787
154 -0.577776
155 -0.570744
156 -0.563695
157 -0.55796
158 -0.541542
159 -0.522442
160 -0.495326
161 -0.464196
162 -0.437053
163 -0.411231
164 -0.38673
165 -0.356885
166 -0.333697
167 -0.313167
168 -0.293962
169 -0.274749
170 -0.263529
171 -0.261638
172 -0.258407
173 -0.239173
174 -0.213268
175 -0.184693
176 -0.160117
177 -0.132873
178 -0.112294
179 -0.0970495
180 -0.0871388
181 -0.0772297
182 -0.0659894
183 -0.0454186
184 -0.0288514
185 -0.00962172
186 0.00826981
187 0.0248225
188 0.0413692
189 0.0539091
190 0.0704417
191 0.0802998
192 0.0874827
193 0.105323
194 0.127154
195 0.146308
196 0.178785
197 0.21525
198 0.253037
199 0.282812
200 0.31924
201 0.356988
202 0.38939
203 0.43111
204 0.471482
205 0.505173
206 0.536181
207 0.572506
208 0.610149
209 0.647774
210 0.685382
211 0.730972
212 0.773878
213 0.808764
214 0.840966
215 0.866481
216 0.887977
217 0.906787
218 0.924242
219 0.931011
220 0.927092
221 0.913818
222 0.89519
223 0.86854
224 0.833868
225 0.79384
226 0.752456
227 0.713717
228 0.668287
229 0.614835
230 0.570692
231 0.522526
232 0.474336
233 0.427455
234 0.38055
235 0.344287
236 0.305334
237 0.262355
238 0.220685
239 0.186991
240 0.147937
241 0.114193
242 0.0844225
243 0.0586271
244 0.0341397
245 0.0122936
246 -0.0149114
247 -0.0408085
248 -0.0680645
249 -0.0953461
250 -0.122653
251 -0.145986
252 -0.168011
253 -0.187395
254 -0.206805
255 -0.220906
256 -0.239034
257 -0.257186
258 -0.278031
259 -0.305567
260 -0.335796
261 -0.370049
262 -0.405661
263 -0.435965
264 -0.463626
265 -0.491313
266 -0.520357
267 -0.552092
268 -0.582518
269 -0.619634
270 -0.651441
271 -0.688605
272 -0.719126
273 -0.740337
274 -0.762904
275 -0.785493
276 -0.809439
277 -0.832074
278 -0.85073
279 -0.872075
280 -0.897442
281 -0.929496
282 -0.961571
283 -0.989667
284 -1.02578
285 -1.06592
286 -1.10474
287 -1.14625
288 -1.19044
289 -1.23332
290 -1.27622
291 -1.31513
292 -1.34073
293 -1.36768
294 -1.39331
295 -1.41096
296 -1.42862
297 -1.44097
298 -1.444
299 -1.45237
300 -1.46743
301 -1.4825
302 -1.49224
303 -1.498
304 -1.50111
305 -1.50689
306 -1.51802
307 -1.52782
308 -1.53897
309 -1.54613
310 -1.55062
311 -1.56046
312 -1.55698
313 -1.54683
314 -1.54336
315 -1.54256
316 -1.54309
317 -1.5503
318 -1.55351
319 -1.56072
320 -1.55594
321 -1.54982
322 -1.53837
323 -1.53626
324 -1.52748
325 -1.52536
326 -1.52324
327 -1.52112
328 -1.52299
329 -1.51953
330 -1.52006
331 -1.52326
332 -1.52377
333 -1.51229
334 -1.50079
335 -1.48929
336 -1.46977
337 -1.44224
338 -1.41471
339 -1.39649
340 -1.38226
341 -1.36135
342 -1.34442
343 -1.32481
344 -1.31052
345 -1.29088
346 -1.27522
347 -1.2622
348 -1.24916
349 -1.23477
350 -1.21503
351 -1.18859
352 -1.16479
353 -1.14231
354 -1.12379
355 -1.11192
356 -1.10268
357 -1.09742
358 -1.09612
359 -1.08946
360 -1.0841
361 -1.07604
362 -1.06661
363 -1.05447
364 -1.0423
365 -1.02743
366 -1.01785
367 -1.00422
368 -0.990562
369 -0.986189
370 -0.985772
371 -0.986643
372 -0.998135
373 -1.00691
374 -1.00764
375 -1.00699
376 -0.999614
377 -0.985523
378 -0.984711
379 -0.985177
380 -0.988254
381 -0.984607
382 -0.984901
383 -0.985135
384 -0.978641
385 -0.973418
386 -0.97613
387 -0.981445
388 -0.985359
389 -0.978538
390 -0.970315
391 -0.963354
392 -0.949655
393 -0.945215
394 -0.939367
395 -0.925443
396 -0.912774
397 -0.904026
398 -0.897865
399 -0.896954
400 -0.902627
401 -0.904214
402 -0.909716
403 -0.909795
404 -0.907119
405 -0.901685
406 -0.894826
407 -0.886539
408 -0.872823
409 -0.860343
410 -0.842431
411 -0.819086
412 -0.796972
413 -0.773422
414 -0.7591
415 -0.755338
416 -0.748801
417 -0.747487
418 -0.750062
419 -0.757857
420 -0.764205
421 -0.774435
422 -0.785881
423 -0.794541
424 -0.799079
425 -0.79816
426 -0.79045
427 -0.790613
428 -0.782648
429 -0.767886
430 -0.762325
431 -0.747297
432 -0.732134
433 -0.716834
434 -0.694728
435 -0.679148
436 -0.662092
437 -0.643558
438 -0.631545
439 -0.61805
440 -0.600405
441 -0.589275
442 -0.575325
443 -0.554552
444 -0.526955
445 -0.496532
446 -0.465948
447 -0.443201
448 -0.422955
449 -0.402542
450 -0.380627
451 -0.35854
452 -0.342948
453 -0.32318
454 -0.297902
455 -0.273779
456 -0.250807
457 -0.215653
458 -0.185647
459 -0.159454
460 -0.131739
461 -0.110499
462 -0.0863996
463 -0.0647713
464 -0.0389455
465 -0.0155869
466 0.00130658
467 0.0410705
468 0.0770403
469 0.121218
470 0.169606
471 0.214206
472 0.256354
473 0.300052
474 0.338636
475 0.37744
476 0.420468
477 0.463721
478 0.495202
479 0.522912
480 0.548189
481 0.565699
482 0.579447
483 0.589433
484 0.595661
485 0.602132
486 0.616849
487 0.63448
488 0.653696
489 0.671831
490 0.692888
491 0.704869
492 0.711776
493 0.730946
494 0.749048
495 0.771416
496 0.79272
497 0.814296
498 0.846813
499 0.88094
500 0.91268
